8.676856593573143
7.382897095298099
12.549195904115392
8.69544942215212
9.444993378735928
7.650169745910822
7.423627550166342
9.089185530620085
4.089241319302529
2.6268341563279645
6.893908270897192
9.13880142078293
7.618475991213582
12.07188108682077
8.575043152772333
10.197263572744891
6.103342983519301
6.776731686510853
5.456429075121131
7.976371861102461
4.30716070147259
7.175415613577621
10.899959245415793
5.7789647754846065
4.0296213158833885
7.293539206378206
8.046452665103704
8.26603420805643
6.8251743757967045
13.050171967726932
6.3765001052186285
9.155916825790396
10.032515810200271
8.430772519597475
5.035426225344379
8.638673849849134
9.823532311080447
7.960826777028214
12.989120949913476
2.0875853815759147
8.959972446502062
6.284254555988058
7.9305083531874185
8.40467873608548
6.45070924836196
4.191639199090029
7.309209902753634
14.458662358665197
8.119107559610242
6.418176925808529
3.7696844108311467
13.413808281202009
7.032785033449856
8.94047125399638
3.095562495610025
10.075235702166875
7.173893186443271
7.275933162414479
5.350970223804614
5.562781597581391
8.519169905724231
11.903854543106451
10.609646730749116
8.632160365774462
5.528963932983858
8.757933327839947
11.38270426694087
7.142445708324523
4.226578626398716
7.499021126099727
5.688814445580197
4.534726776726222
8.707710425790484
7.383649902528112
10.271961626677898
3.093829707784238
9.530310567810293
10.218308147628122
12.248351828796046
11.815406292518704
7.14101041864755
7.388626124212938
7.113245626124115
8.224652797472391
11.39600941305386
7.358123644017172
9.981189185247603
6.0620425988270075
5.739459436900704
3.511548612437596
9.195281191244135
8.89394571815041
3.44234723727919
10.227552546908827
8.804057009419372
7.138597104715423
5.459262715591498
7.489788812976996
9.838714119641292
2.3179319675559737
11.079059849352106
5.58097972646577
11.683665820777083
7.676478267372075
12.24795783255265
6.06140796887495
9.79188065967515
3.322827126283485
5.347701385331001
6.4020714829496566
9.614993170729612
12.082201373278306
4.191175421739562
12.188435834974904
10.245973405962797
7.286445842366233
7.76776722840478
8.955302014596505
8.631942071381141
10.443182717190968
10.231918905348316
9.883911186168813
10.308117307299788
1.8351570192168225
8.200711699114382
8.425614017403998
7.27642049634885
6.774379959100793
11.109844285961515
9.736919871644478
12.399097552838292
2.325413531874352
8.707928812864974
3.7488094958965164
7.683792964977174
10.436273891853757
7.94158331358227
9.570749713512498
6.618028129571119
11.738794249625476
11.096627448052494
9.565323948723446
3.8565033107155813
8.314375205961056
8.284303433849146
11.453150459734129
5.185281674858702
3.813974474903743
7.158172113901021
8.884902884651328
7.485297578069177
7.069105580206489
4.492260946099902
11.101238487661085
6.055151383198789
5.846017398903404
6.659299404089354
9.242408177219529
15.05966852302507
7.7730931186631755
9.961538588617318
6.101502877524791
9.025071463575278
12.295822296648055
9.890777552886695
6.4218717320997465
5.769629760424743
12.290015809695921
5.735065339950613
5.434313831863034
5.721469507861316
11.45014969233323
8.690932006878791
4.885283643979053
8.915197970835454
7.507168179416572
9.539035001960473
8.25476980359748
6.708490862863211
8.184768586908268
4.9622738173476435
9.793670979754946
10.264465352799586
5.367353769581181
8.029243392514704
9.250522327319796
7.850721324235497
5.74864094832903
9.512729223124456
12.251712673919624
17.764088426525497
7.2595575534200485
4.377483431439733
5.9971510795119585
6.598259080666118
9.308129954452276
7.259104089216035
10.060391911412811
2.0638485822318007
3.0280809570839278
12.1284402182913
9.509144796628313
9.201529435107078
10.44803132384472
6.408113229617343
5.880528244702842
7.385850298455146
5.017024127371803
10.563122346538723
3.770300282028362
12.222755442729598
9.897307031398796
9.739169423453973
5.816016671613658
8.749960285659865
15.02832652750898
8.719256349677252
11.228755631494227
13.364766668618522
11.481516652105554
5.338891219963689
7.5601486397421205
13.043260680633582
7.476864365175519
8.614449746050333
10.450231862182761
8.426576872319053
11.189615894275367
9.309566341435787
7.071862748890586
13.82360836090401
4.796392186339822
0.5273907317096098
4.178773930008848
11.42526129415904
7.616713477186339
6.398019401811049
11.251809855833415
8.708746771555486
13.044124157424017
9.725686912182962
4.066986602668422
11.185356987417354
11.703606383119748
1.7698269350993066
10.993431765841862
6.547216091805174
6.183074473192125
6.562016905261118
7.166146520550354
5.597847898742604
9.069768963474196
5.10074173340837
5.560770067932435
11.145732656967951
9.351921737868757
10.790898084733218
10.263686072705465
8.795814074115013
10.321931512272908
5.158206658031696
10.506325391974613
10.892444865572806
3.845561704986512
5.7898941392925005
10.436717741211961
4.789950708473743
8.855569694882801
9.345911570154865
5.25307595025987
10.617388216780054
11.262535811990434
10.438609014235336
10.246869862960905
11.627751518303288
7.195032096988078
9.7597647527726
8.723672903068557
8.40053111843803
3.87285416429902
5.244694565016882
11.087847357627304
8.82287527522575
8.381802310164312
6.381174247955899
5.116256129241906
7.619289150002709
9.520821170585545
9.334738981225371
11.097615572586452
15.044501092807181
7.65422499063108
7.468474545204507
8.281234699389078
10.39265019581927
6.444438320517127
12.363737772612106
10.1890560554552
4.930486288513501
8.669305216882329
9.070719302603322
5.052886370190482
6.439683326448787
12.191433668713525
6.969413986042664
8.830086358364158
9.990018338867378
7.17487398022197
14.740998507838405
6.091463977227914
5.999665854963375
6.765767565071334
8.287850874056618
8.377780627769571
12.758566071827863
6.5982266258046955
7.949403471201781
7.601619688278953
3.5374663584298007
8.067017428705903
9.832806003487399
5.837811286100459
6.125322765841122
7.547891942746975
6.8510242394361835
9.783510414682533
11.641984410300173
7.535234929928042
10.013758876230089
12.245184246289636
8.845964951120816
5.402101862404254
6.600843945736781
6.792046880695805
12.65997475782518
4.534027439680882
3.3684785271322157
8.450505091405889
13.125780952669125
10.165641058507509
4.233471706329058
8.229257044384187
13.442628638931852
6.611724657947761
7.824627246984755
10.652349211595647
4.529616347156962
7.837215532140857
8.704458599080628
6.676298790139314
5.9634211331964995
12.774523564115492
10.369317265209137
8.856471415555298
8.454564062573235
12.099729856796316
8.06980122670857
6.60941506052229
9.452452507969827
4.916797361424935
9.795481978772443
7.234101364315583
-0.036509207472514404
8.593584405782273
7.8804383179625335
10.329887932198979
7.449027814920536
9.719841010589684
2.353909842815641
7.88484344855043
8.763164103023342
7.6154475940346895
9.33625943659331
9.82207015933719
8.745015450411275
10.631864633314915
6.063288742346208
9.569001907231211
3.04234718157527
2.188859115123389
6.546732151293696
8.564467142692813
9.977809547093923
7.577658324063096
8.124374082801685
8.297587215764933
13.26696794564478
6.272298780938674
0.3021217419655233
7.753221974365778
7.674072318590501
7.785246212534006
7.468724026689253
11.715179918214648
7.302062801893977
12.104606829662767
3.763460764568398
8.825794514230777
8.94185082582416
8.687075738196294
7.395274886862743
6.948105200239208
8.294587621944501
10.612912405151246
10.524676606620789
6.913825282920662
9.128085208614774
10.19090418073138
9.7800033962058
2.3640815618608926
8.446517583063104
14.201879170776227
4.723906583552055
5.478372119220088
12.035047347758583
5.951336145122674
4.119184345069042
8.73914673318488
9.537144207218603
10.711545283261524
9.119053362143772
3.315708149794787
9.341333782483852
4.610889458372581
4.570613774867731
7.829910354472752
9.431676224415355
6.564856526278173
5.733415147176617
6.476923179823093
7.801786670305905
10.362535320641626
4.196191555599345
10.893035897386774
3.513628871367562
3.9030995330974614
8.542126382903103
10.209070206370349
7.31577536683745
5.76397802988557
7.742160958819241
4.241047853955689
3.502179153515282
7.279931139693566
8.074504353385315
11.496932784557611
10.27674363308667
2.4799122967327687
4.638715145532578
6.437720211626242
5.562604481542566
12.92872277025668
5.301279720960449
8.311249152724743
8.458629636406817
8.856813855830744
2.385556195999442
5.305842549782726
5.442085141556719
7.796306195916224
4.076956995691136
10.045708798861396
7.446449942632094
8.29423499045099
4.619195050809183
9.452909984246627
6.193697170297007
6.927467992313463
8.084297209942221
6.507697465016958
9.232674676376632
9.221859587586026
7.915606994280441
11.317009000340079
8.508734490157433
9.536572436066734
7.082029004232208
5.850724768459401
7.620613112123919
7.954506489646965
7.332405045285785
3.63047223353049
5.932073945090971
6.860417970870886
8.766102802945474
2.46216778551063
9.90917893777415
7.421168986034274
15.732392736943957
6.023145514935367
9.267902336553096
7.053247074033438
4.382103873977194
4.650373652534789
2.423643414994351
10.115453995734786
3.7718352812496434
12.42058336791775
10.77078984375132
8.047874869556727
9.34743788744786
8.198059758356496
11.213375350838085
11.414709707792529
0.9384638699092296
5.78385828963427
7.411504898503778
5.909475590204002
10.686351316411876
7.1106413940353494
9.682349308594578
7.439453862570632
6.56305026662111
3.621853728712882
1.4901474431979675
12.732230460804725
11.370606315309871
6.876098321959336
5.284737034478926
7.212529134312709
8.386766094942178
8.686795746343995
15.253332330504302
6.47454311184785
5.738718511539104
10.812233159108269
8.560702289703087
9.677983201161766
6.976563268458008
9.807363025654823
5.159402218516769
2.961892231667445
10.215461538919467
8.167980271237246
3.2222627259812358
4.772631065081499
4.883796845399024
4.4849259460094295
8.046479620267558
13.652316953765627
7.99459557580287
9.900354091423463
8.444901225817153
9.218552583625915
8.168790723568838
11.32539463827543
15.732994531249322
8.083499325023805
8.846089304847796
10.40985120353126
8.835949523424109
7.289894538942043
10.353987104408802
11.264464376671148
6.215315483401197
5.527805076710877
7.418658366117639
6.4557437343558615
3.2340994086483956
4.090577041148144
9.624697933602164
4.903272527966041
8.120358172092624
12.678653771576904
4.8682242763983075
11.115152534951566
8.11275876341502
11.159835764135808
5.329877540906468
6.736830484929544
13.356829979595865
8.59555872734477
7.419002486868161
8.767938468457118
13.684633390079462
8.216658884254066
5.894527808591224
7.032769864462184
8.245950131462335
4.300069242724318
8.428226871333719
14.695523554763104
6.513184229337323
9.7323891835341
6.132810177831132
7.444324819729497
8.636552677086476
5.189430756334502
7.119864467980881
11.045852431828122
8.638245961364387
12.537524969135326
12.47445499200943
3.8355729269729437
6.329492707554684
8.711734146025792
11.922468728086798
4.598083921383034
5.912601741010406
8.857612022924902
4.077551494062182
9.058844168751415
6.54586239093906
7.152855438207869
8.336428066673044
2.376948089614464
7.502641797902544
7.356941913934337
9.99691709770185
6.789149582695669
5.662301537313929
0.8874259957552049
5.575057902591231
10.431291375847227
9.771253292080559
7.703286299621707
6.716615051960101
8.140702094713525
3.8472283569124475
4.047565745244769
9.51660515280544
1.8771512889096211
7.517071115347042
10.486203885992571
4.291577304918547
4.629845235992028
8.395773159688586
8.849674576823062
11.697853615344265
10.058950423248268
7.706785179822135
9.229710744243791
10.155805460021687
10.93062919250796
10.621686178197786
6.896191410860238
13.307401854119155
9.340126757320672
5.492622955257822
6.1478115501585675
6.693257237679032
5.186476138723226
4.041387326277569
1.499686113921915
10.04414466127488
9.347856287335526
8.500805467367362
7.26835383425116
7.2476731183841
6.07167012766779
11.835433591030265
8.976147649098385
10.130184945325174
7.045227320774959
11.569867192260354
8.521936571511038
4.591574322691589
9.596278599151134
2.5111843635223714
4.347147478267077
9.963513417753218
8.141330455473726
11.161475236998218
0.7405093790297483
5.180502150066467
7.169327679586298
7.0743337008159966
11.270272202837505
5.367938575091703
6.272440556593641
17.003970176337933
8.663863336887069
4.841743002878501
11.039840400748446
9.575106146385902
11.4301220296114
7.584905107913858
7.529972429147643
8.117307242718004
8.613905028682373
9.518837943805213
3.2527034453025383
7.48647844443046
11.86809877183434
7.532162847425096
7.763063606693888
7.902357814536939
9.166429327239955
7.847832107787913
8.860323297174167
10.688892069898017
10.862777266513167
10.165101193212326
6.573307002515632
8.732906101337807
15.197905666018757
3.655147421449356
7.702490359740476
9.511581199288932
3.918393776949018
5.705805754358373
3.7921000150834976
7.93190445028161
10.655001458970684
11.887360830957697
4.673545722617903
4.35164431292128
9.092512428456686
11.286951254231543
6.3633096011758665
13.751351551941074
8.816010634368467
11.135842844493663
4.895338195883462
3.2585908776401515
8.861453575985028
8.162363339524447
8.636117307427783
5.029449482689067
11.117895260482907
15.790294293495657
2.637984256895332
7.967923806226438
9.6127394794802
6.486607660329495
13.794412736512221
2.8169370719952322
7.766448524513383
6.5738160079991
11.77812855173346
5.410043058006586
9.41659950033187
9.483387598406885
7.709692886803898
4.598480325540848
12.000059028916576
5.262044648428585
6.623572463549923
7.085808263417888
12.098322197198815
7.783921988764257
11.569685106740522
8.911585629807556
8.668491493941179
9.324526691332068
6.738066236284338
9.730616185823937
15.905238522524693
9.52082151015358
6.174514460660623
7.285490565638155
5.7691107178884735
6.444612918730034
7.341046130332918
6.146453735349581
4.547254893831214
3.7547721595228607
5.688039114275911
9.94070366636316
4.340808979030044
7.9286595714773975
8.109277157460719
12.876669009842356
9.691265047361764
5.963759670403543
7.426450872976014
7.806784759476871
8.267074668280168
11.013621481832253
8.935471011051334
8.325416534845981
8.72778551938319
9.401450316553662
6.904289740797678
12.35813153797824
1.7268513685191085
7.043959334486143
5.3740765154404
8.49842199246959
9.160935872695152
4.3143906823484945
6.184039492170975
4.522324652055582
8.267116647229669
8.621262033711837
4.6466004541228685
9.637690423376837
5.314998739113893
10.420564755479711
5.959291975363355
9.043775818400713
10.311220617500837
9.802881239822367
8.380395186041351
6.472284997181438
5.635385609389036
6.263552120846122
8.82012958699423
11.239505400965799
7.3164493991262045
7.177861425381045
10.25118946423042
12.074827218286202
4.362570076832985
8.329773416477074
9.020372897078097
9.592628487120717
7.4345367746363875
6.4490448137096585
9.24101860498567
9.120392383771945
9.242558422154808
6.160437154090857
5.865015881615028
10.843870045352059
5.502261361898713
8.467433268373924
7.589023361654459
6.174383490302895
10.684407229389759
6.633057368815204
8.699559401386308
4.933214483871047
6.594229729224949
11.783728865907797
8.277853792672051
7.924031108108127
8.516212230988604
11.307280589833642
9.865410327572937
12.171361382221164
8.787739133244457
-0.08369269517315558
10.501599897029022
3.912436355511309
9.457936723179271
11.710051247948162
13.032281564848281
5.746271304617363
11.878087350513487
7.121673177058504
7.835942021409735
8.755240776498816
12.549657630735116
5.952240333848255
8.847135182698965
11.528319150022263
12.517067935350525
11.579357217170145
9.7619771829853
9.329641597256465
7.965793917138171
5.596194299036313
7.671180090553054
4.511113766155699
7.450752318852971
7.044373167263399
8.128772028915083
8.334179404440151
5.496575715489836
6.091766203546679
14.345294548291228
3.257188949898433
8.687646243171939
9.627215130434568
5.308621819272229
8.841260128261462
2.581065664821865
9.450459065689671
8.562672356219089
4.860428575570284
12.624772829931297
7.662025906205232
7.760770758290699
7.615638455894961
0.7825794771430168
10.49044465832362
6.3105199869234525
6.053999089049685
8.813851426090087
10.525409042767514
4.962926354258638
9.645636338597441
7.210508675911924
8.547182396850857
11.406314936186376
5.637052263369581
10.526518260659799
3.9270710220932035
11.636262535434295
0.36992819406495503
5.992738339345282
10.671782584283058
6.3210422996091555
2.037414867693057
13.331734350583272
3.099687034048408
7.61517114893623
5.096651553724958
11.199172437142177
6.870803863001596
10.157182748268204
8.878455334452132
10.645645184036603
5.6442009436699125
8.257048204758277
7.0725440246324744
-0.2638460224943575
16.092360914008026
2.5821299881622117
10.637578004519911
6.8795581474649214
6.179807440696626
8.522884743755764
7.409685215421958
8.352864351873373
7.314296783593184
9.432665659007593
5.065357319105653
3.4909292308258975
9.153483605847825
6.756583770349221
13.241628937458092
9.316581212375949
3.1526870406306964
1.4414691015043841
12.840841313428076
7.05315350082828
9.761327109570502
7.737735978095429
12.775493264048551
8.820958243967988
9.679091579767299
13.252419312463328
10.977844356112568
8.372994228339248
10.740197472494891
2.671575208701009
7.6920926932919595
6.762284955371757
4.536113478447248
9.94902600333759
5.688460363768963
9.532644594468277
4.847017674759623
14.590315239165804
7.7848268806736005
5.382638816995012
3.3945077792979976
9.604213355713753
6.116657867029206
8.225396756644823
12.161156855135385
4.901311309300424
8.918944521212333
9.097301095202347
3.862469397867457
7.188479952336164
9.344967189414815
11.166613318498166
10.023500638668546
5.835447879171161
6.537115219838694
10.504789066093789
10.698585975721574
12.855831424561192
14.616176712055706
3.680277218590981
7.007809427272551
4.813095535139963
6.201965408395324
10.07238938119148
5.554478139378546
8.059917892315788
9.461445905845494
4.884389619987427
10.21998755803316
11.24388468064502
9.039649102482988
6.7271517375734815
9.048891023271311
10.24690706358711
12.254361658148675
10.291103514992427
7.273958282153202
7.569447150638979
4.79783887126304
9.563902201774347
5.155061648198804
5.213699738315385
12.747246555377325
4.14636036017194
12.471790425290568
6.998183509792396
13.756041520255856
13.550999160287713
4.004737535300068
9.058191527636428
7.464483952238635
3.767887334502128
8.114199505808845
9.196092754169374
7.869851150278664
6.898189580432019
9.33329451329395
9.204574960243812
5.888145018444327
11.85125489997107
7.487786430277375
13.576287149237276
6.2955218625412375
4.493216592208045
8.04860694717583
6.864658574229857
6.363833673497478
7.7217006266801755
8.189513802375679
5.8247704085239835
4.4347643654482
4.087644542111705
4.4077985532704815
4.485953930997918
2.73913669896813
9.657917277487822
8.376492794884745
7.035129384246159
3.7359874989350494
9.06671949342631
8.104778923636397
7.5194165497047685
6.894664729483021
9.945810771680224
6.77127391078424
8.844214725888765
9.261046205420529
8.912956344572772
8.23558434581049
9.974555369233544
9.568441511571978
7.501703078934761
2.190370938879213
13.690949674360493
8.793455935331487
4.260580646072171
6.336240828230409
11.852280277433696
7.689784279224667
5.767134287316745
3.7335418493757535
5.739227276559989
8.733732664345856
5.118541386979366
8.02847585702859
5.357192325467663
7.6263847208177
6.588768792621385
7.004530796508262
6.204712560456156
7.428760706343809
1.5475484935095505
5.6221680028838055
10.213690162721
8.341944192783291
5.540491537331655
9.751224843192158
7.845493253849533
14.872114124785028
9.681145764254406
-0.18639987269308378
7.635149786303175
6.819949331863307
6.667046816760296
3.7052537129817704
2.406473192996038
4.730844970507065
8.019970934024162
7.307433906840018
8.323201396217135
6.45726641661988
5.970056346622593
8.376998655466403
9.461131080344886
7.717243480427202
6.70958497716944
3.5570243324501085
8.211544288316064
8.843383420970932
7.605598451789899
6.562436250570915
2.5796233028265085
8.21336194198301
7.477809477396719
10.102559503474613
7.735134874050379
4.697174854624151
10.520042497749863
9.473124382031168
7.007024528150182
4.672882732839467
10.044041867713773
9.438478713346846
8.953364373305398
5.655580163699859
3.9968908788845514
10.325549797761523
7.583009253754737
8.281645207243539
0.7727001470064305
10.96726566402152
4.926126508691862
6.107116498620434
6.416498431733362
1.6970737255110375
7.740257678020845
8.317238347960767
-0.9057175974161265
8.847048517417257
1.4898827423208152
6.231332450027379
7.526616657892191
9.5882050794159
8.481795414541514
6.29146530709229
8.684067879582832
7.074948579552325
3.7738660044037413
9.53688715568196
11.144497614791412
9.372416534036246
10.902989797600064
10.198454694538729
7.145647844886282
10.023777743909951
11.165051812639174
7.696022317693053
4.082564356036528
10.432299895804823
10.555140008383635
10.208789950376767
11.385638662770631
4.855501061815969
6.5025190902805
1.315397763666713
12.875931377703075
8.100994223861777
7.7774748220742
9.302146840594672
8.501445654792876
4.593674566187774
9.23211961324268
9.321650887047237
13.898867426541562
5.597380555790062
9.068702924236861
8.107287817249347
9.276302410711127
8.77442015757441
11.267660933812536
7.521104901926395
10.019226528820873
12.91411798297068
5.573666303043268
7.371153094870988
11.835672880889957
6.971297740761747
5.504325547783667
7.825135137754965
8.720666447098044
3.6821272699324243
3.8603689713731324
3.1661261761815336
9.725014924282547
10.005260784601358
8.014970588983012
3.308508271373846
6.556337678227935
8.135934513726381
6.540035500854279
3.1065274752218555
2.2999066927866405
6.815579625190768
4.212063951784721
6.835468888348304
15.712332980095868
4.0953796043550454
4.608815419566352
6.732210047026123
7.911564783728915
8.922586963142342
10.98356630555553
7.433944563491873
8.972137732112456
5.257196233284505
6.807531156267891
8.041146340964845
6.343792535344253
8.614017033600001
8.540184802790465
5.9637825795361215
5.5285775110760955
10.895003755325291
10.617460867579709
8.128503017727624
5.66467407563608
3.1511868755067374
6.292566494805218
5.85934358366324
9.203295574322196
4.08550983870809
4.199357827782643
7.548828450337731
5.2025165753111375
9.932736373871062
12.180249473875197
2.6579294638785536
8.73693498237617
7.326655529382748
6.101439321241424
11.92457162365643
6.568285609465285
3.7885963672161678
11.093185221193785
8.850343534518286
4.556247035568118
7.080186458131689
6.42045001186312
7.129342710428055
13.63870253834665
7.6293031075529205
9.910191226176597
11.806754828776473
7.665661046460865
10.885484051406854
5.5572958158436725
9.876361609448013
8.50302674138626
11.220442079177072
11.504499693387576
11.185313071344694
10.136429136246376
12.64029958443399
7.859340959755567
2.378707831199554
11.71557719529805
13.287320478590416
10.108439707358293
10.686067101753224
9.31573508331976
4.283364943306603
7.364643687280078
11.587291000615352
8.306227219532534
7.218816475875986
8.878204332016958
7.8880812713788435
13.576511234248635
8.937719636024962
2.212932520789921
4.986442848912531
8.014146418260234
6.430917248484038
5.065326109607627
8.535804174353297
6.391020435589419
10.304399070314597
9.286746007751457
7.826302227704062
6.076213819036015
3.159845927642615
10.015585496981247
10.708513286346982
8.767700407776635
4.999202042292225
6.140257149781251
7.176907760503785
10.808831768312524
4.383480859317956
9.149149534388872
9.772920376119993
5.602622170888521
10.96418824196396
1.8079314102732909
7.006595970654313
4.547698144395248
8.34169647459213
5.561907303869225
11.816957576039073
9.070434572125768
10.926417712304477
5.000141023078595
12.572900948509648
6.933908343061351
8.620396662353869
6.88212976520292
4.840744714233148
6.372084609685382
6.755402212468125
5.960921808118825
4.762737384405929
11.894668481108344
6.862105109421165
9.917134390864017
7.886979182543083
11.276198847418996
8.878212875832212
9.38010838023663
3.388778123880675
5.384743303627548
7.798109455238745
9.734922495803296
8.375153559681719
6.100503554552306
9.345421143763268
10.631786088650331
9.27930640483046
7.228910482077409
7.016058428902127
9.604117889754791
10.430043861433113
7.179318054691874
6.720473129948412
10.140908264824855
7.200581153852212
10.064292915695756
8.327404551800807
7.830209676563171
10.070772343562947
9.38939322545313
9.375767892896867
10.729478383262865
5.814863478338815
10.758466796932552
13.802367804108279
4.5353101620865015
8.183780969655174
11.940938160717176
4.748793036827411
9.809912976531914
5.3786210418128455
7.030590521600938
4.772484441948478
8.349891067921261
5.049306429267613
7.184961836261697
0.9483573035165307
6.823616303148182
9.70848027964335
6.570648970484917
4.364396418962533
9.096830257674085
4.114651308353843
6.277579926165959
8.24045465426264
7.341739683673578
5.015187927439209
5.271227571209167
12.386820101475628
14.70252596067195
7.02491384103361
1.961063633288008
10.601145269444306
8.776428214427007
5.071888214026295
6.622895981369901
4.845714501385699
8.824881921986865
4.595445519682194
11.612920237058496
8.855183321925958
10.323420362157577
5.612738457303016
3.759421414580305
10.49543090184141
9.564337724535896
8.827571489433621
14.959497635260377
4.385003524630853
6.536089456151748
9.102893347231115
1.9005736840716372
9.236502931937315
11.92891326727245
6.886571113173001
5.603506636559793
6.565873040097746
7.061890997512384
8.559873310050444
12.170000785586922
4.6414192847044
3.5895872980710504
8.858843978949041
6.978308392670774
7.658375183572968
8.707635632820974
5.598596623071204
6.375044909851636
8.442585463305706
6.201201692794639
6.149685906941563
5.682347288843977
7.6731547202461945
8.517574997279086
11.581166735398446
4.9704112964065335
8.548759249091539
1.7065286846018468
10.769947152639503
3.741528802709591
6.278262141079932
5.774254432396031
7.267375901920158
6.243246243531713
8.328072142960641
6.910770245120659
4.174451893222555
6.342135805722403
12.206621381689347
7.679724745847393
4.201417896809415
8.033783707115873
11.187698289834035
8.542801537638113
7.1520826904469565
7.363562859722445
8.807331194985066
3.2599702731942894
1.2040782646154202
9.021201901631256
8.100124930164549
7.895474330609556
9.269859184508622
3.374743643164101
8.465344064573493
4.5100268737059475
7.350966861962973
5.155031335117361
8.147182147847001
6.290226446863262
0.32946309337968316
7.389301198759744
4.445449577636706
10.348036815154963
11.28890948464816
7.529497742107555
9.31709177092956
5.2863419157495635
8.565179153534334
7.502721206612688
3.6201794686796163
12.163203627134576
11.435752261696084
11.66578730762819
6.093027149317259
7.066627541257323
9.172925466121075
8.178201796063487
6.190407837462127
8.957527416885064
9.756732244271104
8.379621102900295
8.53472065457045
7.740441174947585
5.892566938797458
5.889620274889764
1.9528852502334768
8.483539429274266
5.090195059051308
4.988786430154716
8.053294024038744
13.358378162709979
8.865741956756125
7.1023626612464605
5.105980284773181
13.280864514660621
6.508086671906678
12.073918187057407
8.889301689457477
10.752052631659144
9.29944052999133
7.616905331740545
7.6367239797811495
4.803744367285873
8.410479607837466
15.38127903674775
4.149863502667359
7.633043625950988
10.329584956924016
8.486310716622391
6.91419643805591
10.429435848613636
9.882924130600191
8.138515091220276
7.544143963181803
8.49161525444025
9.775119136662287
8.42884656129456
8.305548538130703
5.932654337869304
10.276767473957179
6.2731814536748285
6.815076927613646
4.074327698071436
9.580082548278911
0.7863866255409375
6.486351417815119
9.704554822545276
8.616138498956806
4.491126072068114
9.336449475548031
8.6169890410776
5.303074099986168
6.997951298250948
2.2878368646771863
6.911225141758986
4.017619773156653
8.134633255625845
4.613245153677805
4.226584028112631
8.66455112822985
11.041074938677472
10.44558237210516
8.130632579940402
7.7336762560283985
8.48714356791015
5.778178180651713
9.802318176292184
8.203221621584461
8.405587108136604
3.3528219733420643
3.185644086102731
1.1206100912984818
13.487973761759289
5.1174617254963035
8.7815574529548
9.326573855373274
12.732805643390694
10.464245599667475
9.41111503572679
10.272817445314077
5.725107393707054
4.620019776862371
5.736832338380289
10.407775931223114
10.847562468633933
12.917229763629958
12.319094429575513
12.980002473191847
6.489425513848268
7.106742782193368
9.078972299147498
7.666226072884488
10.544134127627693
12.529489556268238
6.027256380109289
9.537532430139981
6.723823005595449
9.508113267205566
10.355894481051074
9.944241937170279
7.843728602065181
5.647609722032829
12.145188162139998
8.456411535184932
3.564946508589733
7.329907901209203
6.013474131090613
10.63749096329557
3.1099918962809
7.2559248430655146
4.295278752737263
9.045905659790114
4.867858851092349
6.890287441773391
11.541010801714261
13.875237439271377
9.643277351022153
7.405503246279084
9.873634897693922
3.2318057726579603
7.92225126277019
8.740573494087327
12.072767955798874
9.428102955562128
15.190409371447009
6.597662128303629
9.89311311113988
9.626465128512594
5.906965995550518
2.2335643411435573
7.23560981619674
10.563917441249068
9.86941035299952
12.758920390944754
5.879082912469901
3.6699299406458987
12.184036880083195
9.610632116843236
6.271821130802806
12.242093829054122
6.1919695503890715
8.597332855114047
7.495029166716084
7.7968142100970255
6.031167311340841
3.3817286577482673
7.294198322989721
11.41028944451087
10.493623642744414
7.487122874637925
13.85488770331013
5.301176919706894
11.17279630922754
3.9537358929582433
3.2969264336960356
6.647343321219383
3.5121340323854735
8.908516030876624
13.783085596067648
10.647691184501632
8.264430020692949
5.625744660189195
11.654799482591585
12.447208307241155
3.323203326264105
3.7186647434520204
8.617551233400276
11.584200640664953
8.445696723001642
4.753624207098783
10.075850850573751
7.82552516033211
6.162080710992418
5.742372739739132
6.469036428607848
4.233039228633065
11.313241971350678
9.670710883056792
10.976124896727143
4.563789609815568
7.593366860298093
5.761575495028628
11.406711756132712
6.3320685427744134
10.517166969492937
9.229254556142099
2.6115654333594858
9.102130092599342
5.128686557376801
9.472200774876564
7.094124189445546
-1.6698890333219438
13.47758168536576
12.84280061506363
8.53292262443303
10.27918675720857
9.577830169724582
11.184707291403056
7.544829354403786
12.916052635848558
7.498030098180927
3.8800955602444507
7.223552048128817
7.116954161740957
6.70936969112567
11.88505768836187
7.400865108820553
11.455458387678426
5.616290409632153
5.98099158980766
6.073170901008352
8.386661584157183
11.64283591743556
11.970453847917153
10.372021257654097
7.185706781892025
4.944889995741889
10.251628022296515
5.9557635993304725
10.733996432540062
11.149204255615873
7.337485970017923
9.294392846935118
11.614169917346722
10.145707805065705
4.279780381417265
4.960822806974369
6.409647362152297
9.212254699901802
7.0704589319355255
7.514508777663079
8.279470751675536
7.8873030653715706
11.871237799444785
11.186966849539518
9.13266366913435
10.003631732679581
8.3753103091532
8.805131576844168
9.231573263397374
6.847253942116042
11.315349114230365
2.801306093830796
4.795470102281909
2.6097622447772855
3.5706015850545008
7.245950189985219
6.711051232592291
7.540889752720077
10.079449811029018
9.316852734903684
7.533217802117731
4.936297293408918
6.367888174595862
6.111016714195526
12.127192224743535
6.503680876947697
2.9200390741054694
7.7024248821466665
9.786581698422747
7.911534745438891
4.258479624948808
9.136119936383379
7.417238677715355
7.367156893132225
9.955943462334023
6.693921369966465
8.11371962531318
1.348621514165906
8.557342047747456
8.886905579710445
7.2194418035885946
7.447915144593647
10.354464063255637
7.8015266023244205
8.016441067418473
1.259430667994545
8.937091621888387
3.9582510919887284
15.921961637433146
10.532034671761433
10.439513154040606
3.3653740614373095
5.736283926193774
6.091877554340707
10.514919835767518
4.8397633498996875
4.49213611951896
7.994475978529903
10.258545190301621
5.3608808460910025
7.81809137105245
3.61438851797873
-0.994921209292805
13.00055968711413
7.253178896575729
8.686141830031561
11.419554979045401
7.504305018110899
8.16343411406787
6.931448582982236
6.228388711214511
11.547391374676009
10.187311916864147
6.999937475400759
10.09873343600544
12.685689082631766
9.541549216165247
9.948178551940705
5.732024738201518
5.516693781576381
0.20483130176844178
10.498748823097827
3.645116643456177
6.999264403170265
6.398095012185305
3.451146591791657
7.041164318037928
9.70309992687861
9.476292628126203
13.7707867010253
9.915287485381452
8.499034613365069
8.99989210715856
9.158894279760888
6.467608339558648
5.444604403018065
6.064205848133857
6.7986840778563895
8.102608518557282
9.841371607169606
10.267765196528424
9.826673889581736
11.741374337422094
11.152301151245233
8.934079030053514
5.3541494145423645
8.937140753982543
3.225888652754019
8.493737695913204
12.191626591727715
2.5600539654304555
7.554762743051122
6.78535092244365
5.333886687722628
4.489379179554639
8.279970945744449
12.203928440505146
5.921050933938153
9.309502592566748
7.594129514906615
8.018006133190719
9.065600351111902
9.588627220944574
5.360522048512322
1.3600883847907852
8.164613913624722
6.2441285981993815
2.7184660198771917
3.9387692992664194
9.456234296854555
2.4764475413432416
13.827899034034457
12.077871611643605
2.503178504771814
9.084480658272911
3.0067145441726115
6.54293286472278
4.809529823666778
7.623076806904321
6.08617892548182
10.024034708746106
8.726873453465497
8.653640965220145
9.255986592176441
11.334553408752267
10.354348929879404
12.306449479860097
8.575198565111291
8.10483171898613
13.579229181961061
5.424710579901389
7.150778339567072
6.194932647370736
5.32368789279607
-1.2919214056818653
8.29027433081279
4.1445731773041325
11.491121746627098
9.105980755468046
5.415253796457238
14.697507984702916
7.0101626145939875
5.1857726920144165
8.06986303339599
7.394621336006973
11.964166586585625
10.33790815135646
4.506092010701845
2.758693759265679
14.953309650849597
10.0638832249611
3.2770766893948515
12.481230329854903
6.78939511820919
4.970556094052984
9.435076317577
3.821348507486931
9.675922369631735
15.421232339211521
4.2675301870499975
7.961093386922429
12.181567168913086
6.853313766089036
7.131076577135433
6.603332200243633
12.00057215664572
5.583067752864798
6.209070968012395
12.140375335143908
12.669397178447744
10.41737028063093
12.052429181216631
5.482106913001666
6.7247964879519735
9.560773015002232
9.412216688752023
7.884329162763558
8.108266563363191
10.660932045649602
9.573769261798008
10.609022267461018
13.19032089321688
7.323584448966228
8.520088930359732
10.490327442812458
4.187273744067761
7.588958243041837
10.21209451483725
13.76155669039845
9.849329475279944
9.649910310256987
6.1599951476048
7.219783112443102
7.622103075479542
1.5605359481385133
8.950151731559037
3.383831329417105
8.116861905933687
10.432571646209915
8.734090333781097
6.389135866053386
5.948093733950115
7.1134325617729175
10.03033067905939
7.578483370686471
4.976152885349928
3.843412505102113
8.852133203054501
7.842077812276165
7.889503098570623
6.623751722966272
9.321580372354797
11.058347718604479
10.904630175021058
7.775421127167044
9.802705942611883
12.193101710370552
9.395176232719734
10.180847575437596
8.726405523461063
9.389261687442502
-0.4975491242550998
5.944085283103336
6.13541165559818
6.236396041802349
12.012032531255885
8.023352870587381
11.11476863675397
8.80324669726619
9.323307851445929
4.1152538925270745
9.473760196943415
9.494324194711766
6.033283785161121
7.991431652994629
6.709281615037416
5.600525589804375
6.516003257368867
7.320295764282449
9.30436594091823
9.226585493493465
11.04768317091363
6.0484994539228385
7.891991629185877
8.601293612198653
12.051569562322182
10.438783087267435
11.362645635858804
6.520457947638552
11.016560030404989
14.971318800785246
5.682531422088031
9.273374042683818
8.15043616476469
10.200843627790913
8.644994912453237
4.703249655452855
9.986171072389235
5.884751153086439
7.144304372679415
6.809974463118616
8.301493191637386
4.81206821122441
4.418375260482083
10.301948528005887
5.8432210717148605
9.247775852648163
9.27602959007972
8.165166381989392
7.0201781170901825
8.944949642663916
7.122561386711914
11.384546609953153
12.47776521816169
9.498524513253871
14.871403155129538
5.187454174515072
4.788954895377316
13.182486900496595
8.514294640018528
6.482549813393003
8.882986081662093
14.3882357375513
6.985877844907452
8.1741447093567
13.999764540218687
5.058247875288855
1.7426215832576588
12.837451673810211
3.1027142069278657
11.0
11.0
8.0
11.0
14.0
11.0
11.0
11.0
14.0
8.0
14.0
11.0
14.0
11.0
11.0
11.0
8.0
8.0
11.0
11.0
8.0
8.0
14.0
11.0
8.0
8.0
8.0
14.0
11.0
8.0
11.0
11.0
11.0
11.0
8.0
17.0
11.0
11.0
8.0
17.0
14.0
8.0
14.0
17.0
8.0
17.0
14.0
8.0
14.0
17.0
11.0
8.0
11.0
11.0
14.0
11.0
8.0
17.0
14.0
11.0
14.0
8.0
11.0
8.0
14.0
11.0
11.0
8.0
8.0
11.0
11.0
11.0
17.0
14.0
8.0
8.0
8.0
11.0
8.0
11.0
11.0
11.0
11.0
14.0
8.0
8.0
17.0
11.0
17.0
8.0
11.0
14.0
8.0
14.0
14.0
14.0
8.0
11.0
14.0
14.0
14.0
14.0
17.0
8.0
11.0
8.0
11.0
8.0
14.0
11.0
11.0
14.0
8.0
11.0
14.0
14.0
11.0
23.0
17.0
8.0
11.0
20.0
11.0
8.0
11.0
8.0
8.0
8.0
11.0
11.0
11.0
11.0
8.0
8.0
11.0
8.0
11.0
8.0
8.0
8.0
8.0
14.0
14.0
14.0
11.0
11.0
14.0
8.0
11.0
11.0
11.0
8.0
14.0
11.0
14.0
11.0
14.0
8.0
8.0
17.0
11.0
11.0
17.0
11.0
14.0
17.0
11.0
11.0
8.0
14.0
8.0
11.0
14.0
11.0
11.0
8.0
11.0
8.0
11.0
8.0
8.0
11.0
17.0
11.0
8.0
11.0
20.0
14.0
17.0
14.0
8.0
8.0
11.0
11.0
8.0
8.0
14.0
11.0
11.0
11.0
8.0
11.0
11.0
14.0
11.0
11.0
8.0
8.0
11.0
8.0
11.0
8.0
14.0
8.0
11.0
8.0
14.0
14.0
14.0
17.0
8.0
11.0
11.0
11.0
11.0
11.0
8.0
8.0
8.0
8.0
11.0
14.0
14.0
8.0
17.0
11.0
8.0
11.0
8.0
8.0
17.0
11.0
11.0
14.0
11.0
11.0
11.0
14.0
8.0
11.0
14.0
14.0
11.0
17.0
8.0
17.0
14.0
8.0
11.0
14.0
14.0
8.0
8.0
17.0
17.0
8.0
8.0
11.0
14.0
11.0
11.0
8.0
8.0
11.0
11.0
20.0
11.0
11.0
14.0
14.0
8.0
8.0
11.0
8.0
11.0
11.0
8.0
8.0
11.0
11.0
11.0
14.0
11.0
11.0
11.0
8.0
11.0
8.0
8.0
11.0
11.0
11.0
17.0
8.0
11.0
14.0
8.0
8.0
11.0
11.0
11.0
14.0
11.0
11.0
8.0
17.0
11.0
20.0
11.0
14.0
11.0
11.0
11.0
11.0
14.0
11.0
8.0
11.0
11.0
8.0
11.0
8.0
14.0
8.0
17.0
11.0
11.0
8.0
11.0
11.0
14.0
17.0
17.0
11.0
8.0
11.0
14.0
14.0
11.0
8.0
11.0
11.0
8.0
8.0
8.0
8.0
8.0
11.0
17.0
8.0
8.0
11.0
14.0
14.0
17.0
8.0
11.0
11.0
11.0
8.0
11.0
8.0
14.0
8.0
17.0
8.0
14.0
8.0
8.0
11.0
11.0
11.0
11.0
11.0
11.0
14.0
11.0
11.0
14.0
14.0
14.0
11.0
14.0
11.0
11.0
8.0
17.0
8.0
11.0
11.0
8.0
14.0
14.0
17.0
11.0
14.0
11.0
8.0
11.0
14.0
11.0
11.0
8.0
8.0
8.0
11.0
8.0
8.0
8.0
8.0
11.0
11.0
20.0
11.0
8.0
17.0
11.0
8.0
20.0
8.0
8.0
8.0
8.0
8.0
17.0
11.0
11.0
8.0
14.0
8.0
14.0
11.0
8.0
14.0
11.0
14.0
14.0
11.0
11.0
8.0
8.0
8.0
11.0
11.0
11.0
8.0
14.0
14.0
8.0
17.0
11.0
14.0
8.0
8.0
8.0
8.0
14.0
11.0
11.0
8.0
8.0
11.0
11.0
8.0
8.0
11.0
11.0
11.0
8.0
11.0
8.0
11.0
8.0
8.0
17.0
8.0
17.0
11.0
14.0
11.0
14.0
11.0
11.0
8.0
8.0
14.0
8.0
8.0
14.0
8.0
11.0
14.0
14.0
17.0
11.0
17.0
14.0
11.0
17.0
11.0
8.0
8.0
11.0
8.0
11.0
17.0
11.0
11.0
20.0
8.0
8.0
8.0
8.0
8.0
11.0
8.0
11.0
8.0
8.0
11.0
11.0
11.0
8.0
11.0
17.0
17.0
8.0
11.0
11.0
11.0
8.0
11.0
8.0
8.0
17.0
8.0
17.0
14.0
17.0
8.0
11.0
11.0
11.0
8.0
14.0
23.0
11.0
8.0
8.0
23.0
11.0
11.0
11.0
11.0
17.0
14.0
8.0
14.0
8.0
14.0
11.0
17.0
11.0
14.0
11.0
20.0
14.0
20.0
11.0
11.0
8.0
14.0
8.0
8.0
11.0
11.0
8.0
11.0
8.0
8.0
17.0
8.0
11.0
14.0
17.0
8.0
8.0
8.0
17.0
8.0
8.0
11.0
14.0
8.0
17.0
8.0
17.0
8.0
14.0
8.0
14.0
17.0
8.0
11.0
11.0
8.0
11.0
8.0
14.0
20.0
11.0
14.0
11.0
11.0
17.0
8.0
11.0
14.0
8.0
8.0
8.0
8.0
11.0
11.0
11.0
14.0
14.0
11.0
8.0
8.0
11.0
14.0
17.0
8.0
17.0
14.0
8.0
14.0
11.0
11.0
11.0
11.0
11.0
11.0
8.0
11.0
14.0
8.0
11.0
14.0
11.0
8.0
11.0
11.0
14.0
11.0
8.0
11.0
14.0
11.0
14.0
14.0
11.0
14.0
11.0
8.0
11.0
14.0
8.0
11.0
11.0
8.0
11.0
11.0
11.0
11.0
8.0
14.0
11.0
17.0
8.0
11.0
8.0
14.0
8.0
11.0
8.0
11.0
8.0
8.0
11.0
14.0
11.0
14.0
8.0
11.0
14.0
8.0
11.0
14.0
8.0
8.0
11.0
14.0
14.0
23.0
8.0
8.0
14.0
11.0
11.0
11.0
14.0
11.0
8.0
11.0
14.0
8.0
14.0
8.0
14.0
11.0
11.0
11.0
14.0
11.0
11.0
11.0
11.0
8.0
8.0
11.0
11.0
11.0
14.0
11.0
17.0
14.0
8.0
8.0
11.0
11.0
14.0
11.0
8.0
11.0
8.0
8.0
11.0
20.0
14.0
11.0
20.0
11.0
11.0
14.0
8.0
8.0
14.0
17.0
8.0
17.0
14.0
14.0
8.0
17.0
8.0
11.0
14.0
8.0
8.0
8.0
14.0
14.0
11.0
11.0
14.0
11.0
11.0
8.0
11.0
11.0
8.0
8.0
11.0
11.0
17.0
11.0
8.0
11.0
14.0
11.0
8.0
11.0
14.0
11.0
8.0
14.0
11.0
11.0
14.0
8.0
11.0
8.0
8.0
17.0
8.0
8.0
11.0
14.0
14.0
17.0
11.0
11.0
11.0
8.0
8.0
8.0
11.0
11.0
11.0
11.0
11.0
8.0
8.0
14.0
8.0
11.0
11.0
11.0
8.0
11.0
11.0
8.0
8.0
14.0
14.0
11.0
11.0
14.0
11.0
8.0
8.0
8.0
8.0
20.0
11.0
8.0
8.0
8.0
8.0
11.0
14.0
11.0
11.0
11.0
11.0
11.0
11.0
8.0
11.0
14.0
14.0
14.0
14.0
14.0
14.0
11.0
8.0
14.0
11.0
8.0
14.0
8.0
11.0
8.0
11.0
11.0
8.0
8.0
11.0
14.0
11.0
11.0
11.0
11.0
8.0
11.0
8.0
14.0
11.0
11.0
14.0
11.0
17.0
14.0
8.0
14.0
11.0
17.0
14.0
8.0
11.0
20.0
8.0
8.0
14.0
11.0
8.0
14.0
8.0
11.0
11.0
11.0
17.0
14.0
17.0
11.0
11.0
8.0
11.0
8.0
8.0
14.0
11.0
14.0
8.0
8.0
8.0
11.0
11.0
11.0
17.0
14.0
14.0
11.0
14.0
14.0
17.0
8.0
11.0
11.0
14.0
11.0
8.0
11.0
8.0
23.0
8.0
14.0
11.0
14.0
14.0
8.0
8.0
11.0
14.0
14.0
11.0
11.0
8.0
14.0
11.0
17.0
8.0
14.0
8.0
14.0
11.0
8.0
14.0
8.0
8.0
14.0
11.0
11.0
11.0
11.0
11.0
11.0
14.0
11.0
14.0
14.0
14.0
8.0
11.0
17.0
17.0
14.0
