7.211642762673797
6.275080846560768
12.608270416516472
8.00324745162128
13.60256112509679
9.739601785559694
3.8818737652421635
7.621079051250501
9.51001757321525
6.17375951798273
6.311766962401471
12.42201938193438
8.430294661996607
5.279910662790112
5.336519218805429
7.9287264040184695
11.741423777116095
8.066906216526073
6.109202742005195
5.762949556422042
4.551423492828501
8.189923374831075
11.746151242059458
11.237739752275482
6.960368701545251
1.7894421541089915
5.866494460102868
4.870419138489619
9.840576467165798
8.224030723077165
5.6693222786385
10.142972741380818
13.105593755553537
9.600155579575322
4.11300768728452
8.39993689689376
7.046342025020797
5.1834784451647415
7.494781732325653
8.771245749788049
9.229941341368935
5.4925939585473476
3.1076460901057263
8.617819654287707
4.723314025663359
3.0294756934923806
14.608448945915123
8.197236073135437
14.8199101349668
13.058108223593656
8.402386123242323
11.182280199324577
9.045113421902645
7.58390494625813
4.149115171709659
5.059452374725773
4.687887525941695
8.873305585354085
5.048218711309241
7.636796755602817
10.99385163008885
4.7665876441167025
10.075373972375093
4.539426732810883
5.912747659975597
10.731120441743736
9.512311304073007
8.966575281105678
15.104781539472189
6.467429275483889
6.365437769589358
9.870900051518007
9.054411943092953
7.643474332952461
6.0458116011079195
9.394774641600565
8.247866090859356
7.820322570373759
11.135738527253672
5.693475823191781
13.280713584007568
8.062046265770196
15.367036174050938
9.42702926551176
7.77718723645692
9.494444520835783
8.62997957336884
8.346147837019926
12.76224511130153
8.2059138375068
8.190341748718081
6.3393041797525616
7.275967915011652
6.5198132749186115
8.786337655748035
12.540588030008598
5.412747618458397
7.567894023289378
11.581725430622708
10.665969839676729
7.028301980283803
9.215081702595882
10.784439461695543
10.585382744079677
6.901716623845502
10.27847337874232
8.58989757530978
5.422982527118332
7.770653566856822
10.600649736963351
5.097922010349621
6.892136198070551
5.185769958215813
9.272865078028605
9.809175344121687
13.420708042982223
7.635642894161773
3.6461942678573536
5.838063826391686
11.16630450659473
7.7974285289601815
5.929333682795397
11.200193837596473
5.8932511748473955
14.736106962315104
6.142511843371738
9.40839665108062
6.713463963476825
6.9553166287209125
12.691299099666985
8.67557639058996
5.252457064853424
7.955614048021472
3.518801280985432
11.137727418940582
8.068096940741956
5.97502715713361
6.115233837416232
7.302377541741858
3.1551801950480254
4.292809309270197
11.01389067698345
2.8631366300454433
9.995688245207559
7.788917953398021
6.577084489884191
8.606212245367978
11.899592552350445
10.03161794061198
7.680979182312706
6.950615282879623
10.27186558212127
8.584969635262302
6.424234483216753
11.388055764625893
8.221871739994988
4.447018918877593
9.396504259820965
7.736102365552377
3.853279216494256
3.2485510051254627
4.080751468086337
5.971578547752746
6.109358754201399
11.481881859819119
13.695212513525956
8.943348534028832
13.905475810997551
11.546167764035236
12.674737403714278
7.030660877769356
7.6512508939961466
5.685552952478904
13.2336864136533
5.659349794358798
10.296034055517902
6.018152201852603
8.756278124468157
9.028253200800576
10.758791560453282
9.059848917362654
8.768452623541577
9.597284778426483
11.690593295617118
9.963724768772657
12.572759447089197
5.107949814059411
3.981459076693601
12.896616712860883
14.395884338242059
10.498920430541594
5.9741048618556585
8.204983244274086
4.747789706574405
4.07504622111479
12.355610170489452
7.367117745072991
5.5299781249414925
4.627042893089985
8.371649191819392
9.018622480362176
3.2780457537142196
5.392594986043104
4.678500639575397
7.009597209449508
9.945429864178013
3.1811132536232334
5.638247494230385
8.312355761286486
6.663564303520029
7.874944014981177
6.208764990719793
7.2651983097561175
10.960486969961051
11.518856045442135
6.249328945173906
14.043589560111416
8.828677050273397
4.889236358672974
7.774316004824143
6.320439255056822
9.829987050246334
10.89790984874713
16.681463512980223
4.4034149565010985
11.881116351634436
3.8363633479106722
6.484513110354453
8.491888263522915
7.823784091828318
6.934137304517793
8.534096878734857
6.820195522558429
5.485470576277607
9.798751263419696
8.08798511488302
6.158777598403223
9.965296796125308
3.0878863501824014
6.504058047857399
10.394001779002796
11.574261590204465
12.491071905427606
12.585752556600935
1.9048774282262073
6.481312241292082
8.63807708207238
6.821925471702419
10.63851366058265
9.078569493642718
1.4922630150568672
9.154698742757233
12.443831440746647
8.463438829051166
3.4292124733290574
13.66157700523216
8.904752605108595
10.758614953373046
8.310275900185138
6.440056050538722
9.708674612978955
11.452048133861616
7.164419525666107
1.0531084013770062
13.417991346447504
9.367365617032855
6.665259024373986
9.408190002189004
18.437032886516167
10.816899450202511
6.933824856092551
1.9569320358103557
14.005405562310106
6.2122685669001605
3.2355724016489242
6.175630176195508
9.625998681271437
9.361804359119368
6.73357364531602
9.889301635021575
8.13694798296923
12.04913954455347
5.807523898564023
9.293424930615135
9.114247744700954
14.854816066548535
11.7596821623967
6.245355611877643
2.878607107728908
4.975355572390831
7.082456531968729
7.2124365626087314
13.261088684932423
9.001988935496582
5.326101527657534
6.178412636755274
7.4869495183928825
9.290013681961241
13.290648674682098
8.159097259485346
10.022520221165731
8.381492800049001
9.21483812384286
7.328146618504685
5.235388645552067
8.945586674226838
8.600933881933805
12.64767995302215
6.331979351576713
4.614488466850474
5.401578714569179
6.595735278245563
1.277841540902993
11.250381087454354
5.474883804653057
8.98027148066286
8.030868524104271
7.080306292534415
8.215307533088694
8.949481502962314
10.05221819553357
7.376116327786664
3.0538089224478
10.395949342401863
6.620414633265724
8.109616139228685
11.824701554783505
6.441194847712088
6.747672280676198
6.893720225097396
7.970992648631904
9.23716693165486
4.546594522866863
11.06382538081769
14.188663955270211
10.255841001921059
5.481072165272169
7.6532508669365145
4.706116578421426
13.370074829189647
6.500386725579093
11.322283033630486
9.7455263634224
11.108168608251201
12.110265710664095
8.073904832623848
8.430423987991361
9.55109754982233
5.735445365678165
7.851846551699883
8.43813851840384
14.010221778195834
6.408289242397025
7.817637607679786
10.715971706844611
8.05325742264414
1.4909813209403424
13.789475751780408
5.048855499928065
5.201397856947741
4.95275433128523
10.18029127942889
11.003557147764543
3.3810578642564213
8.513595717138829
4.061165154481263
11.080227529124246
5.461889496567387
11.217489642030486
7.172951728594496
6.473372094774932
15.250935463890581
9.073940664861363
1.7419886726895495
7.4478780406913385
8.461660467744942
11.340285753900694
9.680502839596965
4.127069617525682
6.594092603549301
7.2811949010829125
8.066647503203873
4.629958589293193
4.1609136302497465
7.479730400371455
7.11628691172399
8.30626539789512
8.258476264517592
9.854954537727327
5.507735959557442
10.38424596718519
8.496921567260936
6.484531523610485
11.892429929737432
9.408636634019015
6.530179506275542
6.964698521379965
12.949960653205437
7.670347081539931
10.627429812902864
5.5290600979332245
14.102912083766103
14.093332253923055
6.680232551656356
7.887061192510492
4.501727112862199
9.792969308899188
8.330821144530878
5.63146109582076
6.929391281435625
8.290605509544784
5.69740307385678
6.040748069630222
6.557050129985688
8.500007490958184
12.252559930443432
6.194483940374763
7.371346725643298
8.374633226700455
12.30127119118473
4.876409472165168
8.384149998471782
12.318130290963346
10.003176639467345
6.0230058157929225
8.902981759086043
8.795278470089528
6.165476856890339
7.838012462442658
11.311182082061004
15.493932192529638
4.717643326028201
3.05142683487077
9.952591359375594
8.080109529657001
5.418057872494448
8.320297969558688
7.328885003336172
9.296548221507006
9.742621395482823
9.6735136361449
11.46922817854657
5.009905189873885
8.366334254832333
9.422986039802089
10.112201001218716
5.287510170203
9.044317962786781
7.403177037350052
11.110723418316645
10.04741487106101
8.940901423420957
9.008253847126877
13.55961631832071
5.5526462364230005
7.500215049526537
11.265327031732477
10.629734779493988
5.823098521268371
14.036186788335257
6.873043196828339
7.1071978109289216
0.9775677670572112
6.264901761439589
10.525578396547214
10.318771443390219
5.493591767904
4.486416513215069
5.688051303285224
6.870016062516133
10.648456187666113
7.792429129344232
6.383163999996716
2.4481185844409765
3.553156750051686
6.044893997098939
10.244901181888732
10.291221715795364
11.117842297043632
13.461005049219414
7.004133003982431
9.600722706999713
11.181414446506992
6.179407180344895
9.660134241196074
6.939539169331366
11.303216042836194
9.944557064701893
7.96616710426724
1.3402088402822603
8.657451543110335
9.933079339632581
8.53847087583334
7.975925797612823
11.23059562408379
6.49125693909993
3.017989413494382
7.9367869241997795
7.464314641647102
3.151809688785698
11.424087513293555
7.817934686485773
6.294783451689222
10.779114416342058
13.455470661469978
4.34365784458236
5.521120176658969
5.632872416708948
8.365283570468222
8.6689051445775
2.5639577304485677
7.536647766492275
6.233047180486729
11.710584154448906
8.065066585895776
5.8613120007093045
8.395775855069258
7.404187186300156
8.030344384421669
9.145991854211452
3.7742463909958612
7.550627277389455
6.266726123395912
8.93269890410618
13.123631127531759
7.466700812579882
10.857633902680496
5.131683559458239
10.01114340352641
9.192317415400863
13.747078907878558
7.770603469799196
13.15460473381583
3.3902321836436995
4.370711864152213
6.186915972489008
8.607118655604781
8.306870652422592
11.582150874553232
3.826428297430434
4.202720132003792
4.31368180063129
13.837368647711862
7.8910474527727805
5.450611796715272
10.996370402575629
10.838590924452284
10.80168870093042
11.304789860278914
7.555116561294253
12.064718514511103
8.376596704221832
6.246327030481268
8.381943220201038
3.0370770759141212
11.278953966650178
3.0130258236813967
8.175313802380348
9.625456245802562
4.696192054751457
8.647833835901162
6.6664308137142
8.832996364834413
8.041039164212972
7.331368517485797
5.451250775521407
8.745735666271807
8.382439119497937
10.968430564527438
9.99947671733601
5.803742759322738
8.48056482126551
9.04337923730735
5.221816161640012
7.404673666055142
9.188644782106875
11.16816928136937
10.41106995858446
7.346169904142014
6.720765209686375
5.99380517848015
9.954366706175525
8.987020146274833
5.826125287671386
5.35832588860616
4.06779723075988
8.853436225927414
9.92154668264718
11.106758102529216
6.737319298115076
7.816568237569707
3.29035568154025
8.047370111851311
10.313061459742514
5.571089142171816
4.4098327723142186
13.22882286636196
4.05858245309091
3.60895642973232
8.643078918326147
5.27586904187393
5.2085339824111285
5.708398706346445
5.478432655292096
9.994145182105504
7.789166894623731
9.457349129191504
7.649175378987577
0.08504733375700102
9.158520210245017
2.535073564570882
8.063733225384386
8.811030225453994
4.947588559546311
7.6465748591599745
5.753043320923621
1.2254615534905788
7.293300079576592
7.892129162183689
2.9777294987106346
11.638807898227961
5.157896189470225
2.9419072185949178
7.971062028590634
9.512022881743052
8.532131807951625
10.19850096465235
10.972069671076909
7.510286975307699
6.951253940703781
2.6636093607739406
8.822393933466476
14.381716384121729
8.295303540225708
6.718488459291128
6.9563060929962015
3.0471020676445333
13.649526525362212
4.703524256370487
10.42351380747614
10.85646554333759
7.421853004112869
2.544601765871584
7.223987057064488
9.764186680327683
9.852342508604718
2.9592803521339235
4.527680947373081
7.890346961779944
4.625809109463408
2.4950226985902466
10.121038032077283
10.34990306331117
7.543904239465031
10.271483749414687
5.2042341428333945
12.351067333726355
6.683622962409502
5.6560597280881115
6.791164910415883
8.774349791731495
9.728412638872033
7.78257404624148
3.016393688251137
7.375079420786337
10.028714211698855
7.319604262776437
8.446268191140016
9.328652416877581
7.819493887067793
6.763367046524608
6.588199145028524
12.05082450354025
9.815803748967076
9.794053236796794
9.966614444701444
3.6253411609868547
7.07162986494756
11.220608571276728
9.670194569836793
6.432421582549721
4.609418571450436
7.8549954870273115
8.798634610739718
9.970535861681132
5.933961440881057
10.725954150562043
6.034547679824133
9.12115776113689
9.884314077999495
8.179786232814143
8.737082403589099
4.815161284125875
11.172173355765317
5.57194416122997
4.318462240303279
8.429765174943492
9.689551994016332
5.875505883497117
8.101385508404796
6.797078242267633
12.543153071482237
9.809983994056621
3.0614657489509662
7.81418741589753
3.831309566132229
12.04981903150238
8.173194803548823
7.087889958266143
6.614203307775382
6.807343351603832
5.966007532683413
7.7380155655273
3.878296742604041
4.620853758253482
7.090435267393046
8.077115998689168
8.07550738958848
6.196635306884271
8.56254858818266
7.977219168663722
4.051835419067427
11.994041152093882
9.551508051427648
9.656326010848248
13.319965437842662
10.205967581054528
8.740936120630487
8.846267991590222
3.969078283547865
8.42654101674775
7.267418443461024
7.130115538308846
-0.5519665161279228
6.574438342192196
10.074030618583272
8.60242105092851
9.205509106033308
-2.6923124047775673
6.5026919784270945
11.54352433602303
2.130627968904091
9.495441582081945
6.8958302335876045
7.875812826855687
8.874928049348915
8.580246238130174
8.00720069376161
5.527242775272118
4.212538156620133
4.551661087181487
10.77959732686989
4.5570687749894345
8.30278864534947
11.203348514393149
10.650299764277017
9.676363372380012
4.618202306315646
4.619783445741911
8.991527002711829
5.293874012797556
8.40850780215991
10.786942825126422
7.155415988544957
5.8246120284385094
11.483908060192729
9.629398995951277
10.7434806542349
8.715211517673275
10.34214952735997
12.472667484272023
6.940036618654704
12.335186739289249
5.1587184534916535
8.319041432924475
5.021391561702161
7.337193917762125
10.785846582138397
4.747639006456885
5.86089403995045
5.9281293652970755
9.882345762073209
6.422146597246978
0.7455963676004504
4.5240671389128195
7.582057913136006
5.6064608349651675
6.522501541303935
11.201303485892222
11.807796017038934
2.879367033657722
5.26181911402838
6.74739017212277
6.035121209177408
3.8061150625367306
9.394232509262157
4.063136335105597
7.820092252080907
8.90219482072324
11.506001647194935
6.094713074755612
10.875506061984051
4.898938877312112
8.402209416980401
9.033279473567298
9.7706641624839
10.529320329213386
6.529910414854172
8.842415572022716
7.150396778891604
5.603836142183133
6.659094870629711
1.6419483377710549
6.444471643256173
5.844259552225873
2.0363880711968685
9.416511379033517
8.34356015337383
7.315328561857548
7.441573197218219
12.860281482742076
2.83442970522698
0.9258624949092411
5.616158088297402
2.1396596382276964
13.452924080716496
9.130936575786155
8.270561838351622
9.64954652975653
10.196847693193776
9.421925795496524
7.648369878768932
8.698372356166644
7.05063204907034
7.582927736098541
2.347854760621458
7.212161562974368
10.91687081595293
4.928891567842387
11.652697998724738
8.447537855507935
10.090480151146835
9.995622715881172
2.583030483261081
8.488378852045356
10.333133461356226
6.316976633834532
10.37213898664683
4.78859481244521
9.69157312606023
8.74722319867114
7.822945810576586
7.434266489257731
4.8448372378840014
4.808004023575716
8.808866892483966
6.346422699147102
7.0392201273990125
6.977576938276789
9.957051956372009
4.283231562122208
9.430953447042505
10.106558641185362
6.037456168393343
7.920225418951248
9.668810699609638
5.55336121354112
5.918046212744191
4.558206685541817
7.33465594098294
14.161581961158397
4.951022012467876
4.396747550996971
6.742996561845594
5.720835180151282
6.023316251963392
8.521111025847219
8.592946157743528
9.062988528600888
10.119715773774809
3.624254569600067
5.489521438971057
6.500125322837885
9.556261440258343
10.110084247485258
10.448649827668996
7.012365547721094
4.501930340235958
8.98877142973912
4.0118587317701895
12.169035617150769
2.634213003124903
2.921032047796837
4.634114112615028
6.36840107440804
2.76523179104447
3.8168131073347524
10.786969806250042
10.513215901177112
10.667265978832322
11.766464741649497
10.513406804286157
5.005417093719876
9.367438794819819
6.324244660747583
1.9002075590190177
3.738162783941121
10.848240573696318
6.823726587845706
1.695577896354683
7.373090809177594
12.268565742058891
5.786425380380133
9.546177430402558
8.794522130525756
11.15850698615259
5.057385681043342
7.3098023785556165
11.802493564064363
10.161963157016345
11.865401331587154
8.96946440519292
6.340368519307479
5.155403724256657
4.4996351165657025
3.475777350067726
10.173276610603068
3.0726565778628903
10.215038356736812
10.937206609685767
10.14341439502717
5.830662097069217
5.70785809815426
9.081353170384636
7.809483408404945
7.201428696006907
5.542214346325844
9.151946930612757
5.8845574238574985
10.827881751720401
11.320761224469253
4.268966635659238
7.0514330552007145
9.672736578924313
13.753204123663537
6.647716815027186
10.757198062869497
8.017787312191055
2.6776229259215416
10.280432192227785
6.972339658273126
13.208373206394809
8.395738374323585
8.490203856898749
9.516526278180237
5.678688694615774
8.82749741407692
10.511617709744312
10.835822245559658
8.025969595100772
7.471298836979534
12.264542719952491
10.225401136726056
9.094970083584487
11.452218810356324
8.459525855309181
8.045813435239632
4.511072549608455
8.09642664108525
7.734478898788319
15.453603775275056
10.25477896323217
11.366985661480705
6.733097418557851
4.8890052348709645
6.4647048390466395
11.034470146610467
8.467368537911664
8.431312471637856
9.193243215128792
7.289967397537397
7.510066665588579
8.914203612564506
5.257677137873941
5.45472143797986
4.929962627086804
3.4527724972241396
10.73594616285642
8.445491526802517
14.185117665337717
9.90683318309301
4.18294473260391
11.868505132609881
10.312954420124036
3.7003409445541333
6.667102155098162
10.504898451276649
4.023425833899317
13.876022045109337
7.465245098415926
9.696378204932067
9.333625044076603
11.8030111578314
1.260429440694545
10.784236824477441
8.295152143614109
6.735251915480025
5.33401248342372
11.758829600546946
9.390342276620313
